Netsize: 10, process: 7, system: AlexKay, tick=1.000000e-09
xa=0.000000e+00 xb=1.000000e+00 ua=1.000000e+00 ub=2.000000e+00 nx=2000 lp=0
i1=1401 i2=1600 nc=200
np=10 mp=7 nx=2000 ncm=199 ncp=18 ncx=200
t1=1.278490e-03 t2=1.025161e-03 dmax=2.694394e-07
