Netsize: 1, process: 0, system: AlexKay, tick=1.000000e-09
xa=0.000000e+00 xb=1.000000e+00 ua=1.000000e+00 ub=2.000000e+00 nx=10 lp=0
i1=0 i2=10 nc=11
t1=4.068800e-05 t2=0.000000e+00 dmax=1.260130e-03
