Netsize: 2, process: 1, system: AlexKay, tick=1.000000e-09
xa=0.000000e+00 xb=1.000000e+00 ua=1.000000e+00 ub=2.000000e+00 nx=10 lp=0
i1=6 i2=10 nc=5
t1=4.889100e-05 t2=1.732500e-05 dmax=1.260130e-03
