Netsize: 5, process: 2, system: AlexKay, tick=1.000000e-09
xa=0.000000e+00 xb=1.000000e+00 xk=2.500000e-01 x0=7.500000e-01 r0=1.000000e-01
q0=1.000000e+02 u0=1.000000e+00 u1=2.000000e+00 k1=1.000000e+00 k2=1.000000e+01
tau0=1.000000e-02 tau1=1.000000e-02 tmax=2.000000e+00 epst=1.000000e-07
nx=1000 ntp=100 ntm=1000000 lp=0
u10=1.000000e+00 omg0=1.000000e+02 omg1=1.000000e+02
hx=1.000000e-03 tau=1.581139e-04 ntm=12649
i1=401 i2=600 nc=200
ntv=3000 tv=4.743416e-01 gt=5.625338e-08 time=9.127198e-02
