Netsize: 2, process: 1, system: AlexKay, tick=1.000000e-09
xa=0.000000e+00 xb=1.000000e+00 xk=2.500000e-01 x0=7.500000e-01 r0=1.000000e-01
q0=1.000000e+02 u0=1.000000e+00 u1=2.000000e+00 k1=1.000000e+00 k2=1.000000e+01
tau0=1.000000e-02 tau1=1.000000e-02 tmax=2.000000e+00 epst=1.000000e-07
nx=200 ntp=100 ntm=1000000 lp=0
u10=1.000000e+00 omg0=1.000000e+02 omg1=1.000000e+02
hx=0.000000e+00 tau=0.000000e+00 ntm=1000000
i1=101 i2=200 nc=100
ntv=300 tv=2.371708e-01 gt=2.607285e-09 time=7.023763e-03
