Netsize: 2, process: 1, system: AlexKay, tick=1.000000e-09
a1=0.000000e+00 b1=1.000000e+00 a2=0.000000e+00 b2=1.000000e+00
x10=5.000000e-01 x20=5.000000e-01 r0=1.000000e-01 q0=1.000000e+02 tau0=1.000000e-02
x11=2.500000e-01 x12=7.500000e-01 x21=2.500000e-01 x22=7.500000e-01 k1=1.000000e+00 k2=1.000000e+01
u0=1.000000e+00 u1=2.000000e+00 tau1=1.000000e-02 tmax=2.000000e+00 epst=1.000000e-07
n1=300 n2=300 ntp=200 ntm=18000 lp=0
u10=1.000000e+00 omg0=1.000000e+02 omg1=1.000000e+02
h1=3.333333e-03 h2=3.333333e-03 tau=5.270463e-04 ntm=3794
Grid=1x2 coord=(0,1)
i11=0 i12=300 nc1=301
i21=0 i22=300 nc2=150
ncp1=0 ncp2=2 ncp=2
ncx1=301 ncx2=150 ncx=301
ntv=2600 tv=1.370320e+00 gt=9.241700e-08 time=1.566141e+01
