Netsize: 4, process: 1, system: AlexKay, tick=1.000000e-09
a1=0.000000e+00 b1=1.000000e+00 a2=0.000000e+00 b2=1.000000e+00
x10=5.000000e-01 x20=5.000000e-01 r0=1.000000e-01 q0=1.000000e+02 tau0=1.000000e-02
x11=2.500000e-01 x12=7.500000e-01 x21=2.500000e-01 x22=7.500000e-01 k1=1.000000e+00 k2=1.000000e+01
u0=1.000000e+00 u1=2.000000e+00 tau1=1.000000e-02 tmax=2.000000e+00 epst=1.000000e-07
n1=100 n2=100 ntp=10000 ntm=180000 lp=0
u10=1.000000e+00 omg0=1.000000e+02 omg1=1.000000e+02
h1=1.000000e-02 h2=1.000000e-02 tau=2.500000e-06 ntm=180000
Grid=2x2 coord=(1,0)
i11=51 i12=100 nc1=50
i21=51 i22=100 nc2=51
ntv=130000 tv=3.250000e-01 gt=7.300827e-08 time=1.463118e+01
